01
02
03
04
05
06
07
08
09
10
11
12
13
14
15
16
17
18
19
20
21
22
23
24
25
26
27
28
29
30
31
32
33
34
35
150
151
152
153
154
155
156
157
158
159
160
161
162
163
164
165
166
167
168
169
208
209
210
211
221
223
224
225
300
301
304
307
309
310
311
312
315
316
317
318
319
320
321
322
326
327
333
334
335
336
340
341
347
349
350
351
352
353
355
356
367
368
369
370
371
372
400
402
407
413
414
415
420
422
433
434
435
436
437
444
445
451
452
453
469
470
471
472
498
500
501
502
503
504
505
517
518
519
520
522
523
524
535
543
550
552
553
554
561
562
563
564
580
581
597
598
600
601
602
603
604
605
606
608
610
611
612
613
632
640
642
644
645
646
647
648
666
676
677
680
699
700
701
702
703
704
712
718
720
721
722
724
725
726
727
728
729
730
731
732
733
734
738
739
740
741
742
743
744
745
746
747
754
758
760
761
762
772
775
776
777
778
779
780
781
782
783
791
792
793
794
796
797
798
799
800
801
803
806
807
809
813
814
815
816
817
818
819
820
822
823
824
825
826
827
828
829
830
831
832
833
834
838
839
840
841
842
844
868
869
890
891
892
893
894
895
898
899
900
902
904
905
906
907
909
910
911
912
913
915
917
918
919
920
921
922
924
926
927
928
930
931
932
934
935
936
937
938
939
943
945
946
947
948
950
951
954
955
956
957
958
959
961
962
963
964
966
967
970
971
972
973
974
975
976
977
986
987
988
989
991
992
993
995
996
3011
3012
3013
3021
3022
3023
3024
3031
3032
3033
3041
3042
3045
3046
3047
3051
3052
3053
3064
3072
3078
3325
3326
3328
3340
3341
3345
3346
3347
3348
3350
3354
3362
3363
3364
3371
3607
3608
3609
3684
3685
3687
3688
3689
3705
3706
3708
3712
3713
3716
3721
3722
3726
3727
3731
3733
3740
3743
3746
3747
3750
3752
3753
3755
3756
3760
3761
3765
3766
3768
3770
3771
3772
3773
3774
3776
3777
3778
3779
3781
3782
3787
3790
3799
3801
3802
3803
3804
3805
3806
3807
3808
3809
3810
3811
3812
3813
3814
3815
3816
3817
3818
3819
3820
3821
3822
3823
3824
3825
3826
3827
3828
3829
3830
3831
3832
3833
3834
3835
3836
3837
3838
3839
3840
3841
3842
3843
3844
3845
3846
3847
3848
3849
3850
3851
3852
3853
3854
3855
3856
3857
3858
3859
3860
3861
3862
3863
3864
3865
3866
3880
3881
3882
3883
3884
3885
3886
3887
3888
3889
3890
3891
3892
3893
3894
3895
48
51
52
53
67
69
90
92
93
94
99
105
106
107
111
115
121
125
127
E5200
E130
E131
E133
E135
E136
E138
E140
E141
E144
E146
E148
E150
E152
E154
E155
E168
E211
E301
E310
E316
E317
E321
E334
E415
E436
E677
E699
E703
E718
E746
E747
E815
E818
E825
E898
E966
E967
E3685
E3747
E3821
E3837
E3843
E3849
E3852
E980
E990
E985
E987
E995
E1010
E1020
E1024
E1026
E1040
E1050
E1055
E940
5282
5283
4010
4015
4020
4025
4030
4040
4045
4050
4060
4065
4070
4075
4077
4080
4090
4100
4110
4120
4124
4126
4128
4130
4140
4145
4150
4160
4170
4180
4190
4200
4210
4215
4220
4230
4235
4240
4500
4501
4502
4503
4504
4505
4506
4507
4508
4509
4510
4511
4512
4513
4514
4515
4516
4517
4518
4519
4520
4521
4522
4523
CBlanc
CEcru
C310
C318
C321
C415
C433
C436
C444
C471
C519
C550
C554
C600
C603
C666
C699
C725
C738
C740
C798
C814
C816
C820
C823
C840
C890
C900
C907
C915
C938
C972
C995
C3371
C3799
S5200
S211
S307
S310
S321
S326
S336
S351
S352
S367
S414
S415
S434
S469
S471
S472
S501
S504
S550
S552
S553
S601
S602
S606
S666
S676
S700
S702
S712
S726
S738
S739
S741
S744
S745
S762
S776
S797
S798
S799
S800
S818
S820
S841
S898
S899
S909
S915
S931
S932
S943
S959
S964
S976
S991
S995
S3371
S3607
S3685
S3820
BLANC
ECRU